Mean: 0.04443381
Std: 0.1101416
Mean: 0.41338128
Std: 0.43267724