Mean: 0.99140006
Std: 0.00073062413Mean: 0.97121924
Std: 0.011943219