Mean: 0.12330822
Std: 0.17331722Mean: 0.94373083
Std: 0.04642113