Mean: 0.14036298
Std: 0.07149107Mean: 0.9995896
Std: 0.00020094757